real_ep2 = 2.9: 0.025 : 3.4

d_imag_0.005=[18.5951079956441 17.6372670256376	16.6878987880454 15.6017084383251 14.3803558088145 13.0254599572436 11.2519272483876 9.06480244434764 6.04248055560939 0 0 0 5.52750679176631 8.43330279051201 10.2059359154377 11.6884853056364 12.7465290828787 13.6594884212081 14.4290332610473 15.0567960531435 15.5443729139797]

d_imag_0.015=[5.36538689202378	5.04967396169707	4.73673983066791	4.42653123133875	4.11899638744939	3.67015722552167	3.22507468902828	2.64092669638475	1.91937617648769	1.06204625280192	0	1.05365049856234	1.74921101005263	2.43938510469356	2.84655355464588	3.25064384239593	3.51390801744224	3.91251678396413	4.03465858958196	4.29220882962915	4.41215825069292]	