sig2 is from 2cm to 3cm, interval 0.1cm
d_sig1_1cm=[12.1093751929264	11.4403489391735	10.6375174346701	9.83468593016671	9.03185442566330	8.22902292115990	7.29238616590592	6.22194415990138	5.15150215389685	3.94725489714174	2.14078663738436	0	0	0	0	0]

d_sig1_2cm=[ 7.96141241965876	7.29238616590592	6.35574941065195	5.55291790614855	4.48247590014401	3.41203389413947	0	0	0	0	0	0	0	0	0	0]

d_sig1_3cm =[6.08813890915082	5.15150215389685	4.21486539864287	3.14442339263833	0	0	0	0	0	0	0	0	0	0	0	0]

